643 141 529 280 575 63 350 388
1759 1036 134 16 1389 1166 423 485
3163 1995 1738 1305 1714 40 919 1331
6761 5944 317 4722 4280 4568 5793 2713
13619 6442 4092 12045 4895 6710 5982 3785
30841 1445 11199 8574 12139 5754 3369 3407
48779 25424 35118 34100 33491 47702 2812 42751
126143 31961 79301 124831 66787 69493 35800 125837
172657 158413 109642 98113 8470 41434 36354 18905
374681 255324 363311 220451 317537 179795 132380 26872
600463 475193 544824 566611 207394 419627 109590 31720
1529599 643431 21585 1271839 706711 527250 90996 339177
2866603 271688 1321118 1730164 2745883 1386498 1614117 354178
4819469 81295 3646450 409462 303980 295954 1753763 706899
14698711 1121946 1853481 7188608 7727679 11543643 11118348 39883
26320153 12138574 19802136 6306086 24910985 12092079 25519485 8984770
43892221 9421303 4494027 25396178 2695164 19975389 17622489 1549801
90147779 42902205 18921832 53334624 29350966 56876310 53563872 64999834
154736123 90224281 76733443 55360766 149970795 92539431 91543890 113442570
484934381 214332152 465345841 38151592 375394390 379741634 163496038 27133932
966860707 373976528 400706094 706208412 271948321 939007500 508374865 309821485
1511496823 1493043794 688847327 1421139519 1421082886 1446385716 1487005959 22873846
2277053399 1775885035 1603000745 271619680 574985839 445364010 194406419 109212526
5903073287 890169706 366055561 1190585934 4057489294 2710468206 3635953848 403358075
13833050531 9647622054 8849583062 12697783807 1147316274 7648977356 8483763074 6135086898
31278031531 27817453885 22849875029 18501935677 16148385489 3826790775 8142753442 19002896559
45337470181 30891358780 32736364139 14782055326 35613328824 23359608259 41225113461 19459578110
114759061579 84827504254 85334054279 98520782321 113594657215 106310574594 7459237323 60668470726
268529577431 252204603223 127897113187 43526233037 266690542418 204032037352 57306579046 12482069248
469668805691 7799028034 333939517577 10584172281 12754365502 124926078436 425031558969 320767522722
559757632067 114121079765 59143197114 367824648758 38893258869 465224041903 277004073461 124883871325
2045109856187 516422851753 1974158256188 946916017646 1680583166182 660045886533 395512038399 930653814645
4243232018689 3945050749740 2989939763443 601541846983 350589079309 1446605332054 497398058747 378614447925
4616019106409 2489219462925 903181676072 4473189153180 4536779974055 84397255810 951986483359 701327470942
11331864040927 2092501152804 5000702403545 5843430027637 8070058649928 10717056647746 5467087142608 4611347844161
20289422380781 13423956151945 18461235349513 19983567463579 15665923007114 2222549091520 2914992792525 9288960951692
65613483037933 29790729046841 46145647835053 27527771129628 29743871775952 61596368595657 54875198404124 9492815145285
75566813429927 18441148009687 3159873839798 56224784554696 22742407899187 40673905699397 766335596789 1501522567367
152451326786651 28925037404533 143770074162154 78215044440749 136772123863132 71259155176247 15433756909833 12299500066114
283894865845303 131176690242158 125742651529386 42266270869525 166781095597130 283806781261941 19759295046685 116874699510207