701 173 172 115 689 319 353 23
983 505 776 954 196 250 799 47
1013 201 666 878 101 878 101 1
613 486 569 2 218 421 419 363
971 31 734 122 930 603 932 450
719 487 501 618 467 201 709 6
839 835 615 532 507 763 775 213
619 247 398 285 405 122 511 4
761 2 129 606 93 350 33 8
541 444 399 393 475 452 438 131
1663 530 1445 401 935 795 1573 462
1153 427 371 976 782 644 305 627
1433 688 1120 924 1281 577 102 734
2027 741 914 356 1224 9 1187 762
1117 75 135 1095 301 670 941 662
1063 329 717 181 941 954 276 474
1201 24 463 20 297 477 342 450
1223 46 297 286 195 618 859 134
1613 1223 1417 1427 1528 1083 1376 66
1979 1377 1044 1784 575 18 1028 189
3407 615 3232 1462 1766 2070 2745 2043
2999 450 2049 1273 2314 275 2646 620
2593 281 2044 2141 1186 1838 1121 979
2477 1516 2406 2033 975 2266 1879 702
3821 1917 989 3466 2434 3181 713 329
2411 1829 1739 129 1312 1255 1507 1263
2617 2232 1939 114 1576 684 209 2503
3559 1739 2329 1963 2931 2881 1721 129
3559 2612 3185 3065 3062 2669 1699 3305
2671 2479 1485 1183 604 2373 2542 1207
6397 4576 6018 2205 1495 4426 2597 1134
7853 4272 4247 5634 170 4573 5199 1736
4931 1804 2637 4443 2725 4042 1074 1387
6133 5138 5934 4788 1517 3243 1126 880
7549 1490 7406 5972 2363 3897 3548 334
7643 6116 3679 7223 5726 259 2215 2570
5419 4152 2264 1468 378 3966 2125 33
6389 4858 3947 90 1394 2571 5787 4810
5107 241 4347 4805 2316 4077 566 2214
7459 3787 356 1848 6436 4427 3484 1896
10369 3007 6301 3251 2860 2058 4322 9285
15349 10735 4479 14419 12770 5024 747 8893
10433 5441 5319 10138 4942 10109 10006 42
10301 466 7334 2050 874 2353 1505 294
15497 10242 12531 2673 1718 12141 4684 6227
8861 7116 455 319 5491 7305 6636 3643
11273 3248 9924 6056 840 7249 4840 1705
10709 2851 671 6306 2388 9149 8483 17
12343 5719 6963 1570 9501 12027 7887 11653
15683 11873 1366 2449 582 13507 12166 13871
18427 2037 4513 13221 13246 4769 5981 12891
32717 19206 24689 16886 2166 9266 13750 3184
17047 2532 7898 10192 11255 7448 9501 2548
26119 16256 15679 18277 11668 22809 1137 14378
23719 22600 15423 12540 11310 18590 10968 13137
17231 10103 8122 10216 9668 14006 2483 8126
21377 17237 11189 20075 4453 9868 319 13595
17681 3774 5809 16451 7774 6548 17409 3203
22741 6429 8708 11438 19112 8399 13897 10006
20101 15088 17051 10047 19922 4444 18312 125
35533 18554 35515 27170 13511 11537 24428 4029
52267 34316 11741 12198 44368 36349 46448 3407
48197 14671 46512 2607 15194 10377 42637 22611
49333 32384 11851 18311 36543 40975 10689 32417
65173 57393 44069 10014 46935 39755 14229 52171
39133 31685 25912 39017 30227 17039 35741 59
55117 46154 32324 25330 47189 47014 20755 2909
44171 34274 33560 10741 21415 890 32794 1052
34759 5295 26580 25639 10161 10403 27966 1456
64627 5394 26939 22414 53116 42735 7366 1473
78919 12611 66071 33046 45163 32889 69751 12460
80317 19583 25724 65964 48978 34732 7375 39197
76099 64831 6712 72719 71294 29664 69773 30059
117833 47461 45800 63935 91324 101622 93128 21554
67447 39385 16907 51037 66270 64158 4787 443
85363 63820 48884 25716 68036 26543 8088 8387
81611 158 76524 75166 71453 71021 74038 48462
84991 57808 13132 70355 4867 36138 26546 35149
102043 20020 39740 74745 27485 21405 83617 30577
125711 99818 91507 105851 48884 34782 67653 25
225671 97835 68757 44093 183229 222451 190536 13900
134093 24636 68933 87436 568 112133 4058 21009
207769 138102 14828 175225 27905 166678 149191 40151
248203 88853 38088 168796 244197 179207 218283 64676
141833 80332 93914 23722 124500 103592 134146 70823
174467 4489 111058 32690 73389 105441 169404 55476
238093 1998 45333 166664 8654 136458 68901 84477
158621 17444 48546 52582 145609 77083 83362 73963
188933 93721 61848 81182 69928 135902 15655 2389
136531 117168 7046 129122 134094 88028 129574 15537
443243 59389 101668 145265 341423 358172 170311 6425
335107 199061 35954 331509 111739 165705 205093 29482
442243 240546 224331 306655 100460 180765 235904 421601
467587 307100 18917 439262 305876 263432 359284 12867
517747 471436 320539 33922 504901 471282 288586 484534
437083 105728 406556 276313 342322 384688 31271 159809
502841 500717 184666 446484 110111 358035 228749 492142
308507 192106 124928 189242 41867 238381 286211 52764
495211 278150 211693 307608 484347 295157 270422 85747
321847 114669 68581 256554 245070 61022 289265 5771
1038797 745955 309312 150847 389444 617125 776593 258168
878077 864478 203889 831691 279411 3990 219411 149674
779983 262213 618033 641995 631177 29430 375473 162088
997807 655661 246467 551866 110531 662234 581237 572940
983861 885963 32958 840208 144288 962320 479209 75747
1021289 60144 910082 292613 1015850 427524 975675 308082
581597 218724 250587 175556 539302 254371 228232 10800
989341 325123 825872 728432 49715 147177 561351 181895
694457 314093 207362 603764 127953 239543 397073 49293
835427 213527 798289 133237 788183 253959 454693 359877
1571611 1510799 73631 856619 894787 986172 864138 426207
1091221 957060 1034751 785949 199687 392917 180595 310
1992623 511486 1318601 734209 973840 760329 1277111 1510155
1822981 1365358 1394826 1658867 234496 52625 1458613 881632
1419403 609613 1321624 139081 918324 1365173 250676 470306
1407389 648815 17884 935446 1219636 1234980 452118 4167
1984117 1589225 432486 1023693 1638970 510632 143622 175817
1529629 1416938 1317271 731333 437695 1390614 332375 1464594
1861757 403064 1755595 230609 1546262 952878 1057702 1028196
1059131 537722 116818 990108 717023 470180 423487 350127
3414913 2116476 178869 1512163 3065643 2438187 1457578 968436
3278789 1361884 3019087 1307251 1096047 1429957 1150464 101441
2742521 58549 790720 2202941 2542439 1637967 7615 274019
3460319 2905035 510018 3080535 595744 1834203 1945956 3402803
3104749 2204124 148163 904992 3002080 241542 859413 764585
3764669 3548075 1129021 1855531 1640761 853102 1934398 228615
3184697 2564326 2345234 2327863 1323230 883921 921038 262240
3483581 3266274 2678650 2913941 39547 2115453 3008178 2270371
2735477 287049 1428942 444508 2646535 599259 143984 2689190
3918379 2147407 2409864 2525475 2220000 623439 2811870 76855
7107211 6663442 1234992 2494809 2926117 480998 5461240 6270355
5258327 3257124 1948929 1227009 1630204 608600 139943 1835108
5971193 1027863 4285071 4907273 3159958 5251850 975146 56661
6520847 590837 811641 1543721 6373057 2010453 1045038 1902536
4210813 2912027 3631481 3266092 2750481 3217932 4119915 3422874
7953107 2567248 4214211 2331527 7800252 1352901 3677897 2122627
6003967 1312147 406070 5761052 3836309 490491 53048 818725
5827709 3131794 3006481 1369607 1161390 1506356 4541951 4610105
5605777 4811975 5365572 2387123 2165840 1877431 1473421 1538536
5606561 1142490 3579536 6880 1339091 3353158 206649 1250898
12071093 1213837 7255932 10632578 1424911 10026627 6904791 4994537
8583503 1843658 1409551 665082 4176657 5768183 5457205 60451
11058571 7833477 5330459 5679849 2634847 2473252 4456172 879140
15447403 10345710 12365411 6490486 12913240 2955123 11009080 333475
13665011 12362420 11489032 13593148 4981752 4840534 2592058 5542383
11447963 3838182 10020151 10609128 2598678 6290286 2083715 5585610
13872829 8893459 6412771 1977177 7148140 3992724 9438882 10770994
15432929 13053893 5711327 4412030 5289609 13819821 10345173 8139847
10446673 3805200 2956894 9375717 7962765 4815997 3951059 1804885
14190181 7463980 2835179 6979750 1280880 212468 8219451 589694
18313961 87040 9485987 14990219 1573493 12335360 12534520 6147825
19034881 11548919 9618893 13518884 15608252 2161584 7090841 608231
32342003 18303774 7549716 17030540 5005603 9577701 15160314 2607517
19758547 4779468 7933934 7488413 12206901 3680323 18139314 3906694
20242273 12947946 17603554 13601570 3336802 9455293 15777152 19801687
21828497 18775058 16875149 13440536 6893733 5103558 4500102 460939
23862877 10409680 16922001 19919084 4221285 3342585 2454225 10944974
24149327 10450981 1050738 3557289 1510149 20037415 5698102 6988940
28462591 2596798 6567861 9619841 18114469 27930721 26169247 12859467
29996717 2625090 25373952 17144453 2747798 8343155 23924675 1992
60430033 20344362 15858403 55900099 37060133 58717636 1718923 966963
66833077 14557473 1491115 32644742 30641043 3407147 9787385 26470390
59512489 25197474 37991815 3037924 31169001 27716605 14322383 5216121
42317507 13824166 28733795 24013109 19292250 26606429 20672098 13951567
40533211 2655992 15787030 18178963 27023896 4159011 25223540 25617482
37992491 12607066 35899798 32589709 8112684 16462854 12570895 27211118
64188701 45276407 4063443 40124933 6196444 46832584 33284941 57931625
50309071 24910038 48391813 50185816 36978481 18165491 12755492 1633994
41820733 19805486 13469360 18689133 34615355 36374877 31271612 4851361
38223811 18387366 25990385 29957689 29451785 8894703 23271340 18601382
130162811 105743565 61429591 111959298 40860505 8214976 81079404 45114196
111859147 25637419 50934582 733587 84080927 81683602 86488128 41400428
83382071 52396946 37035293 46351447 1725334 14586091 44123628 72583568
103846711 64280371 88039752 6297688 9878154 8029968 48327515 37874474
114868069 12606083 66042364 87193057 77717604 32372838 28057495 18536521
108417121 57637663 43437960 52664670 25531162 62971480 42512519 2431046
75523477 20626316 30724271 74263433 67149546 25079719 34407169 15555280
127765073 120974399 42190511 4549648 77903854 93827892 101420765 23674865
88296269 56910433 64071046 50149254 45838298 41809292 82821187 53102978
110591729 6000728 4551406 1757314 48934497 82796719 70726788 2683913
136232903 73129051 124356858 28805169 14770693 35110021 108987398 16378550
225052691 180515133 88297014 138906449 180915664 47450925 142959106 5962958
167201201 145379390 165110579 92672361 91957695 127626883 96291863 5532266
178249691 153507231 125999441 101904548 86364242 153301143 121512952 168353273
185006321 139515966 97512211 35541848 83524555 62597837 140985418 150785844
187413319 169166767 22981509 136140 97876969 20157633 105206806 5357771
264754927 151513974 179570178 47412049 29800645 104734978 85502784 3365920
265324223 149016601 26570636 197897069 227343669 17844462 256646994 30822719
184534159 131477605 35854496 128229810 136945692 29755232 8977091 23203863
216195949 62326026 56564063 188182334 185982306 151216157 153745044 22750345
327577967 43941224 170188254 298771194 65492654 187828296 269290976 42297252
284279771 29719955 16512544 267588292 45639293 191531314 207228970 60805655
477430579 120319597 93927786 439072218 93941014 422889113 316859634 29033976
416240449 52472682 3492507 373738263 219781016 406881389 380032762 132449858
363039601 256620732 211049560 269488215 127210026 138793870 214408740 189347235
290077429 94779418 156925363 125918464 38030079 40613443 61251332 218715
295792807 201636332 245236374 58485357 294764219 107902261 16878029 32699351
279663767 143635989 75524579 21954201 163581210 114767525 200622765 15157458
485678717 252548188 314801128 141788417 265541063 30633782 279375711 328731998
438588301 347305680 365330779 335654075 240860357 340537040 301533222 289136423
804520831 348184805 779099879 137180691 228283939 548381187 29520063 329323068
814716269 452781766 89826201 569330272 313382698 763874025 313117889 14958024
657036011 299032079 501918697 334842885 582227688 546730087 92669562 28195571
962312837 408188418 906554175 352332879 270062770 127315884 527945081 368536171
1057653481 17581979 744539641 200521606 938025250 663438997 644998942 20562864
792627713 299993660 392064094 583865421 517980358 391605194 103762518 357324955
702773837 509156321 577963861 384431345 460592256 425130279 218663286 17983666
686055121 582258081 175307646 46355878 384723665 312245181 676981536 13380310
547473811 505753801 254129540 122419336 187111692 376469506 37106971 101411609
826318799 347777786 99945148 20911725 170036795 179738466 129148495 65664880
2012964119 1951630 1571401542 1752538675 1434098039 952767095 521983504 1608016348
1642545721 1410869603 1314932326 966757116 1245885352 472881644 1280108320 3493125
1912131461 1494025255 993344021 1442425731 25185666 171048373 614980529 511170248
2014072741 1133334358 95385839 1975706914 162014274 619903170 685348935 105780606
2016392821 2000174327 1466554870 977417027 1668982080 295148840 300259442 335965606
1361756647 886177982 777879340 263493773 753066262 869386175 27463583 1107431553
1251517769 131403206 163189952 1027533074 108319349 247772835 828122313 959495542
2128580801 690358340 343718020 1948353280 1990109803 2010533482 1998479141 258093576
1697464667 1510000777 830944375 272154373 936219452 1317887486 198866082 21315673
1126690349 714508473 783475855 388446285 707253230 232747145 1016953051 1076437333
3991297879 1226769122 2261412767 1223867291 2737744976 424104055 3710204221 1123533172
2315087339 1712651798 1335673907 511496057 456879203 458075129 459714778 60294316
3589121777 2256347460 1604897378 97474559 149317731 1021922564 990114985 3167356027
3935878883 2182052524 439687583 1400323284 3026280388 553624261 2201642899 1214775443
2987580599 790197838 2833924111 1116395526 1669093351 2636703172 861804830 392419258
2154047491 1833012879 1786517033 1150632236 732654203 422391916 1463059604 50182715
2427832079 1589007646 2093529729 763809601 144574904 1978282674 137832855 697095013
2733510883 710379195 2090338202 2111476747 1210331395 1735096331 971002981 671235530
3209042999 846486107 2991151052 1919139140 111521124 2550546674 3059997881 3089635218
3878960509 2919791131 2254902890 1093611546 78681811 2592342411 1222006869 642829135
4629830627 3005832087 4551940471 2236103521 100670271 85276246 2386226905 767557488
4422231523 285447578 2567639273 3541472698 4006487732 1139850605 2271343016 40609074
5346754333 2562123888 5281973868 2710986862 1484466354 2888152397 2975616490 5008450059
6246198977 5327767842 19362794 1961891291 4711123374 5752401460 2890488060 704833266
7021326979 3207139179 3662482274 544529136 3109211290 6461112256 6831085592 2052586104
4355773801 1655920456 212220466 2865919855 2493457785 2269161761 3083356504 1727188899
4531209539 1143460836 4510204935 2423741963 454073616 2334322139 1380998272 2079132428
4342184459 1613570860 3055959458 709624072 1385167902 2501744012 2985512878 32485284
8482466771 4682184740 8445769160 990589504 6737997806 240266287 5844504813 53250215
5341566541 604093001 5246151460 1960586661 4466075321 99153726 568644253 647144186
15627270707 5140552767 3638522605 5127984577 15471454414 9848969584 12385043451 3876093875
15658600987 3551141952 9352255224 11807243359 8013277822 794207162 10012043911 2794332869
9693846637 7955995816 7459893079 8274090912 1219115541 7392664664 6923008447 8123086820
15804955511 9334037299 8573215131 9684228040 5197797127 1981736464 2833105225 11264639227
9581693047 3074892286 4678026317 5565930305 1829480080 3985542257 3428668739 5207301906
9199776331 6133939298 6191097549 1832802360 8988435625 2434189835 3134580784 660559457
11588705959 8240746988 4056145704 8647813831 5959637265 10817501284 8935732722 7079048535
10839504259 3446216664 4503644744 3342372556 1961528525 100173420 4490890208 2355036936
15825154811 6436716831 13405296867 8403071072 254279941 3950349114 582211616 1497251210
15370411033 4934353984 11359252247 10176701961 11181847777 5054015208 5576656250 5021554076
21255406259 2146584331 9631848117 17282013236 20470188167 4375738742 16491011801 19269998784
25934377613 9762351991 1814943168 23370200133 1970631188 18788022400 1543786023 3929724618
25355507357 8360924938 10927840754 5526845088 16679896159 18139083326 14399991142 7836778587
20926927013 12349462818 18085487048 7596727568 3282840212 17396289097 19766933576 1747560358
20082143933 10237331300 17319125820 14445422360 3556221053 2788915491 3056168396 5450989375
19106036251 15205281642 8647473642 12808472246 12197954237 207226229 9340608459 8238486209
18310316179 700781305 5634676415 12446215881 14637533895 17232352355 16143435639 65123527
17439197393 9252523345 10940534935 179055257 13227498801 6694556258 16179249317 14680711170
33404378083 8179557873 13296512224 12083776138 100812805 9835365846 919211346 29174454388
21641303413 7656514013 6613483277 14833008572 17841961420 3242461752 20903886171 3946612077
35596160953 1659943105 10132135506 9393325481 9567055640 12214827996 20563823569 3201084539
66956438693 61349675032 40281058052 53996605596 26861716658 15354189967 1370183876 17438280172
66071106307 9425827733 26654072692 46775771857 23485329193 62739723701 53299853379 2726404781
34911532699 32656783728 12999692149 18581633068 32293992782 9753142197 1907460243 1745639637
58636887733 56860105729 46470416103 7148752431 29256061765 51862043773 1633781967 3343820116
51743822719 3249494351 47581794584 35163572126 38457302827 6558318265 7955800150 28279978148
53214757777 30752403285 12701887969 37766195239 27523630716 16952887668 40327104722 63972883
58921472761 34666581684 22798792514 28020150342 11081984037 30981065619 16446690944 5079897798
65520026659 46328183702 7094218847 36671947540 38402516681 27799003216 8345732319 32859661056
52786519501 26043612264 37041122841 36776953892 8652211500 22872429043 42886665070 3667208788
103600253749 29731937383 84402447690 1313174935 37679249001 37478396110 43372101463 44979853519
94496356021 66772562891 62028667397 29382447461 68171693115 26132212479 67166865883 15563893871
77462402027 58726232466 71395572051 25909488542 48288246162 45062010234 76865153655 23195078617
87424663451 27069716531 51317303669 27679143240 29160112404 58327345754 13076307854 28540451468
102703581817 101448812582 29980602288 61925507481 94669079159 88370848217 27739149226 11421253779
96617778853 59397654459 44496357156 27636859190 62070074084 44977208622 13324132880 40142553331
109596329393 45192688980 65166377612 23852145742 64322670383 99096978739 17811828540 285640869
99241796327 37637038431 32425916390 43627490355 18254177401 51995536013 52997093575 3339588461
100550134523 16766006562 35709233918 56308606124 73415529655 19582893490 34362252494 41176055340
85011529013 29474993054 47825273760 83996848730 27493004434 46688596393 29204708490 42657320314
205588258819 196758395540 152439646838 25040447944 104677559732 154639042821 159481516976 90604700740
188709054959 91086611869 169776932985 139555663883 178515147272 32514414428 172586336731 71041589435
252064242943 60972169983 103275044010 221985711085 194432209037 138453409706 91174718646 17264288710
227627610449 84493644413 82964319289 77158318715 158054527823 194459229915 96637794242 48107525399
269180707487 54077771796 190934157261 17771921571 208513138854 150231022948 71103348077 187404292990
209945786789 74046740355 194294628483 19897569732 188451407327 25681458635 162542433599 49391779453
174117831991 154772086770 106538551130 55095014188 124635003328 117643161147 89172080792 167521714083
235402662479 41971359691 111032031118 167279376995 117739866318 213879579828 9164701587 24930844092
166488250853 133852580910 34555759113 10729124308 127371508722 165479578673 139464276137 47222018603
271538224303 169812443175 95906436725 240072396469 47178807834 249845106790 187884671660 8913945305
416757796561 290526200314 355526643801 216803668537 391432313063 105318463066 116290495271 155505184144
284748066067 67789159095 22885051703 224214077414 101688366385 147330421741 77243150682 108088123759
460855063043 314431330370 417412005036 98450930445 426378642365 319908096604 80611125549 207361802474
338955792893 282838930551 225508900856 233913586949 253426898727 73426482824 93216689722 168822570865
525947265229 88419223284 404006748024 486911703968 238238668413 119719660077 340788754492 93343993859
540676932643 111653176348 258615068299 490773215042 166029801182 431086883059 461359030701 225456059506
532813850021 187832289114 355081034558 161781225083 451775958905 199110601996 417781447052 3108347095
442091496541 76293233470 152937761336 180432876087 242206589510 286251520852 279108824654 191990605633
546957812161 24733912047 235995777038 242643638439 542305218401 425387217044 214090534942 39316309538
447109527643 112979262543 335075998107 144334868998 92722433916 6380642871 112253537235 37275041232
1033029092311 411831170278 164309065477 929845904249 440371798658 458771954208 666392321022 881987459390
1023487665527 816007428466 863419341987 259975212884 820204571784 680967610254 952568206115 1002483761506
914731759121 748906887428 333356846389 205182851532 377922993333 53739581224 481935570961 339175037394
1042820008147 311245805566 217629284712 239757594734 660074711838 88164401571 677506252141 148459380740
973670747201 57024314247 686083870701 714725611445 428602629993 384029155797 429561396846 846326966290
748149818369 554320655045 120074271650 177028714922 58534379613 336966228777 159620921557 266420687643
669086616391 188770014326 33864696509 198571921401 116632307471 198120756259 507812444874 46585915558
711224389147 515118608112 594423286513 34347864713 379272060467 418302398061 461767861356 336660476457
675710223541 31413762215 388660158970 603091879178 563048719242 635826686798 215185166057 74485239825
624751156303 26323828140 368704961422 78894318736 155311638461 278224635963 28289437466 70366391506
1240081094117 432999568361 544242794336 847416461178 325428239962 365504869974 511586044523 300013260703
2166052992269 1117061349621 568372146402 2105597889148 579669011818 1300934046175 90440781754 1427730417264
1464170423249 523771628887 1154579021575 172371880654 644705503429 328247634115 1242531626341 708991223472
1397940358393 504339922105 1099024130103 177272783217 194012573420 749025257223 1156106742444 384269186883
1493984515087 295500855088 469119442899 160455109960 595892166219 1424328892615 46768611810 212246130696
1151533809473 99385422662 57291128158 407957037813 430571751796 462018688284 878085817361 155665423543
1350446414587 1114380351395 335664311748 727415905914 206217671608 1137256223110 538425873916 211498771726
2030755157747 343879846656 949493899804 869273046613 165801899913 1839898297929 334328447028 1049156726117
1995542013163 1085251610396 1760484666004 26253313902 754952984836 1038177233743 1435287180931 446694990372
2035793242013 1868455667096 159716476412 613165158495 218578605589 608675553538 2025449557595 1114385536636
2325350152789 686777570865 1323257482612 1792642124536 1574356507820 1721379065068 122840142397 1755102446727
2807750371087 575791995741 530174977271 2641769605891 408495785217 2498016331689 1169587098263 5936357492
4280618926471 2554161733807 1527971062864 2525440088360 818461050455 2463749985232 2876774058477 639282454489
3395051596087 326712166426 1652707419085 2980065671732 1128772983482 3126437200874 2147062875781 1668001667977
3920412455567 3770179010130 2127226423433 2255673882245 3270274546862 165914865943 1981398714241 44650614078
2881189051739 2182380820929 313322483351 188955624812 765257563248 171576735075 1910097247776 59712038190
3506214035671 1067002544128 571699784028 3346229084495 644577612777 628553796810 1993054404208 423963680777
3106266675881 2971333005229 2215727792993 2645769240590 3017766134304 1563805643622 1371803936283 933416344130
4305432069383 3468441099702 1303425281768 2415174393190 18300625981 4113685774151 2766916738125 2062452814328
4336405208281 2120915166795 1558839072576 1147252111839 3284795359783 3451804294910 1300677989814 1812639741633
4570980268817 4073906607443 360781930167 672447839070 2636424792841 687980343455 736833041530 1992209695366
5600551600759 5024278565991 2939729311207 1626191688398 2348541460487 879807623168 1104562731816 2681689406115
8565806000813 5495942235147 7923111666632 5199507046808 1258531823582 7723112393164 3007026750941 6755193865478
7165811130007 2365995226366 4533764285734 4101294584315 1851642571218 1301631892145 5443586015642 2351759881801
5731863049993 3507314230850 3009093496541 4667460991679 1679003419339 3054069603153 3813319836146 2845755336
5048027865479 1768465122024 2952908636975 4204671382972 1741499904470 338227628772 3024756126061 1897952831
4685494004977 4112047943932 919294192365 3880894812839 679263734998 1366825601453 1191533061595 3832228407878
4971724112617 4137126346761 1899825271213 2824096380299 3572594541638 2905521338883 4578161135446 2562918524647
5341233487267 3286286942839 3550069678530 983448819413 3050449825527 1922379407949 892089922963 699895683985
8487435344723 5245763782799 3912707226495 3025612925892 4138930406644 3898496110009 1813083159889 2253020024550
9657393195179 2610401617227 4804615357248 3177063550107 2048361518869 8344034664986 7938915676910 4510323181142
16591314255421 5428440606361 6905997280756 9723655605372 7043817663040 4359663913330 16401964716847 5560556067384
17358635591617 15563947260917 14660791697010 7809554791400 7995144921213 3269150873627 12135047228542 2177472255423
16153096446049 12919169401762 2336837642787 13823827780080 8149474074289 6903119081068 7166200523565 10246605213454
9401948969527 2784750962608 4108289463277 926440688608 8068014041820 1552806925339 5635244500412 1066468129909
11173563218473 715108744749 1053779748820 8820746759747 313463677244 3027159847671 10854020516402 116328533988
11917158474131 9673603423222 5034023243791 11484317905685 292774579128 11905240524897 9983047449348 1413220893021
14395594060297 8946310655558 13873903591208 10600783597942 8662616108571 2878209648361 8062241428009 8459632733443
10474893944653 3114588532472 30005768193 3101383397097 6416417388551 3672849128577 7313059878206 5008658235187
13740600616573 10611087489393 12832518676738 8375772951370 4804381228586 2729608643309 12408596573262 4326202072097
33917353438207 16115408819684 16744447219572 722837998908 6945635094096 20922862865181 27155426591943 18827590588863
28965208466009 23974753492994 24548771172075 26809049532448 27872047868442 24125134301095 23677193358482 22007056010441
33871809363851 33595744491334 22276537743397 6564960718659 16861047062967 29788767935862 24303013267990 6423316504655
20712026909779 1703310535828 18392702722969 20554728184170 3608093469974 20627987920603 16742677413292 537049250559
22920296715343 6128592416229 13688289652991 10993186284545 12078473636858 9238997519116 21340949776887 766482573284
33974217009781 28024864132367 7664719827738 21923903152333 11205307345674 11778415405121 28964286036151 1403288395716
32298909468811 4951699038134 15005803060033 28013397116441 10552706485498 21320261009609 702294037757 10810591383256
22370527490797 1156054270897 15530333984201 3041937354074 13909429035114 13661212406403 11329031449054 326745808007
31543761374243 2556193214199 30786649770445 9664586841055 23582127372408 19046701475078 1860252244739 14433021381356
32555866340141 22197537730082 16336109203116 31310122810552 8379720847597 10937376823927 18758643446344 12157730457676
38116015379027 15508231466715 14885086746237 3690518430924 22918074324011 24643286902984 7090165124302 1966686657172
53148985785887 13879341031541 18696844605939 6890204383806 29956095727981 11618099809053 11708960285070 7395791868433
38876383634783 2427461774258 16127210616764 35027047757935 27058457291564 6321447058742 21305415735102 687141163282
45695050448393 23814304062983 36674850008104 30455353476661 19497193713014 36360079134239 27099455806335 27100436376838
59856769312729 34956880203234 31334888700205 13771239907834 36316552740887 42785806272686 33649347285277 761643903975
65178011263579 39188406158055 50169331587617 4010671594205 14401443995457 5817376720424 37213922305556 35924547991514
61769609567599 46208190624307 56290436748811 57068922658393 2753199161705 2998138798648 28679259570443 13825423356601
46556672660321 14307391998026 20541771497756 5717452184828 38236704046911 196289516706 24687141884513 20832011676411
39099633029491 3080777343508 12956785181287 712253760837 9350100165436 35821430090485 30805286658946 11380835335996
65861846395403 17354008656 46383695817460 58799440525774 60132995107249 50682341920530 12434024115600 10437416418467
94638769741213 83629726102821 25032855859799 22675613267202 23251539547468 32990032543459 33053265569815 8871511796030
116056744512953 91285867157064 35806952922405 1527994341241 111552487154311 83347099136529 43839253996444 39821788692764
114518895228721 60797039763820 53035483759864 30283889382628 96246382161261 27857560715202 73217711695549 90545941463396
81503967587071 2655996805526 62115871694263 64003469853034 2410717643547 39043302864681 30976750406618 62607156063608
116849903758201 67468823114591 45204886170701 425319456204 25721645302279 109439468003124 54907257967365 20212191502670
73710879947867 30868834185587 30609628200699 13649744949833 63447022344635 11216608855793 57247164206896 15232571657622
99316003342279 40999666017614 55394559726834 27143262482657 55394584528377 11646805181396 2577112750373 56367904636430
133549631929739 64618978134151 1153024033683 86338129988175 44655547250762 100271136523075 104039922570818 66506228893595
105341966605441 22194049964768 31704637311026 63084725449385 70730901144335 36702996892651 50997016792355 74902226187188
120984174108781 63401281388911 1752902041066 14105430778005 55689593273033 71998407612117 64851955496759 79822293971840
257150297115079 221960540533996 37218307285683 246731836468514 177074601811299 38778014807700 194065311853035 14467510858141
260012757208507 251842087218711 201898622784647 242549526385681 182930624557680 24814376996768 238196848544262 254422546064169
252020134693469 24246240377407 20933209427780 35132261870001 221590374998320 222620667710583 137990268412303 238394580482246
255628950410413 7059530856352 196147957385082 196295113393796 124570765636998 152743156796654 206516752663583 9022378854760
227606640525169 106614282011793 178323707285856 91984601149081 150922822074849 67223836520894 36089171178222 83675007299149
270251462839067 88811772875025 72295977385068 241335059888730 12265808863004 111556208226565 46125096701615 264873634982084
153785798018383 74751707526465 7156391127379 120908260247124 149017576282068 24474501350209 141901714738115 72604734654983
227475758085977 214347356559658 211818275504911 223065266171223 102739273591261 112659816309819 95267489947292 15532814989810
271954130482301 267304863628602 25431768651798 95756558372127 127325031474700 53438518777028 622750502961 9574035078661
275249437391281 60619761022352 19736739765751 31767556727112 19269294982332 69007075616509 68216939637231 59118657916637
426905722080223 193054882181013 154706164576272 63855253603726 169626945779870 153829893769597 403672844499891 379855490513108
443654940980747 380336684981954 52337019538712 332051921620528 185366955917814 131678567963336 35526274152412 6897978017615
307926928066237 268705583207815 192526467136976 131088336412212 6443342831430 200580822534710 96106087011063 327494565902
353537008207841 41990332193924 178536282345498 214999320425684 46314910135841 90684166841546 285562994583729 28837670997089
449430556066211 356571246577972 370142005351057 86740613097452 233634185247833 259747992190160 83164506725569 241709242202449
466146958108291 222359381273036 309740228270539 462136144858440 200225550647965 414604704615437 123178451938325 154419334126589
346048916503673 124794754172589 68943386238110 91021018436090 141245335219816 330298830295447 117282978999974 345998501757978
550497252965213 129637644833146 162316521619576 83276822745252 367143866121695 333066042005454 473344823433892 151888114131874
501841369477031 342376640796765 498131467306263 67057628835426 338808834987560 147010298666375 370676772162051 117743765174240
361350664880489 197532100851258 333365312338830 35240432068002 276568561920445 353318363918956 223648474477728 102640052944959